11	1915
11	2112
11	12
11	837
12	1915
12	2005
12	837
24	2706
24	1457
24	183
25	902
25	1916
25	1993
25	1060
30	1921
30	2096
30	2227
30	2250
30	2673
30	1449
30	92
30	1514
30	1517
50	2162
50	2421
50	2425
50	2481
50	2517
50	2554
50	2584
50	1253
50	1265
50	1335
50	1442
50	1579
50	1813
50	1815
50	1816
50	1843
50	884
52	1980
52	2119
52	2162
52	2280
52	2421
52	2425
52	2481
52	2507
52	2517
52	2518
52	1209
52	1253
52	1267
50	52
52	1442
52	567
52	1576
52	1577
52	1578
52	1579
52	1591
52	1677
52	1815
52	1816
52	1843
52	884
53	2042
53	2245
53	55
53	1399
54	2040
54	2042
54	2119
54	2140
54	2205
54	2257
54	2286
54	2519
54	1107
54	1301
53	54
54	55
54	1399
54	1495
54	102
54	885
55	2140
55	1301
55	1399
55	885
56	2255
56	233
56	1444
56	751
58	282
58	1244
58	456
58	1445
58	96
63	2070
63	1002
63	1003
63	1334
63	100
64	915
64	2012
64	2325
64	1002
64	1003
64	1372
64	1376
64	65
64	1466
64	100
64	1531
64	1704
65	915
65	1002
65	1376
65	1466
65	100
65	1531
65	1704
86	1919
92	1921
93	170
96	2250
96	412
96	97
96	98
96	1514
97	2250
97	2263
97	2383
97	1327
97	412
97	1431
97	98
98	2250
98	1431
99	2250
97	99
98	99
100	927
100	1984
100	1002
100	1041
100	1409
100	1466
100	1478
100	1531
100	796
101	2618
101	1012
101	1014
101	1015
101	1049
102	2040
102	2140
102	2205
102	2245
102	2257
102	2286
102	2518
102	1045
102	1301
53	102
102	1399
102	778
102	1883
102	885
103	1980
103	2350
103	2423
130	2053
130	2227
130	2261
130	343
142	2093
142	1405
144	890
144	2183
144	1405
144	504
144	1529
144	1544
144	678
142	144
145	2012
145	1830
148	2284
148	978
148	241
148	1476
148	149
148	795
149	2192
149	2284
149	2496
149	2592
149	2690
149	1124
149	1318
149	1476
149	1777
159	2259
166	2656
166	866
168	2270
168	2641
168	1051
168	1378
168	169
168	799
169	2124
169	2467
169	2641
169	1051
169	1378
169	1456
170	2573
170	1380
174	2240
174	2518
52	174
174	778
175	2706
175	1044
175	1118
175	1819
176	2511
176	2706
24	176
176	1148
176	1256
176	663
176	1819
175	176
183	1457
193	1926
193	1295
194	2424
194	1687
195	2242
195	484
205	1927
205	2390
205	1191
205	462
205	463
205	464
205	568
205	1802
210	539
211	2404
211	2486
211	1184
211	383
233	921
233	2255
233	2609
233	2668
233	1096
233	1444
233	1452
235	288
235	752
237	2483
237	288
237	1278
240	1913
240	1963
240	1969
240	2036
240	2396
240	992
240	1028
240	422
240	1461
240	651
240	653
240	656
240	1561
240	694
240	699
240	812
241	2284
241	2592
241	2690
241	242
241	1777
149	241
241	795
242	2284
242	968
242	1318
242	1777
148	242
149	242
245	1881
246	2205
246	1107
249	1968
249	250
250	1968
250	1009
251	1968
251	1009
250	251
251	1228
251	1411
251	1458
267	1929
268	1929
268	1710
269	1930
269	1941
269	270
269	272
269	489
269	756
270	1930
270	1941
270	2226
270	272
270	489
270	756
271	1930
271	1941
271	2226
270	271
271	272
271	489
271	756
272	1930
277	2093
277	1319
282	2071
282	2214
282	2673
282	283
282	1138
282	1244
283	2172
283	2214
284	1100
284	1165
284	1372
284	1830
285	2325
285	1100
65	285
285	1521
285	1767
285	1827
286	2439
286	1100
286	1162
286	1163
286	1165
286	1372
64	286
65	286
286	1521
286	1704
287	1080
287	292
287	1445
287	1473
287	628
288	961
291	1959
291	2159
291	292
291	1330
293	2282
237	293
292	293
294	914
294	1959
294	2068
294	2239
294	2282
235	294
294	1341
295	2440
295	2450
295	2456
295	2461
295	984
295	1709
295	1710
295	1712
295	1720
295	1721
295	1739
295	1740
296	2597
296	2632
296	1710
299	2161
299	1334
300	1479
306	1283
308	1290
309	829
310	2014
310	1468
310	829
333	2052
333	2156
333	2185
333	2224
333	938
333	2419
333	2420
333	2575
333	2670
333	2671
333	2672
58	333
333	456
333	1445
96	333
333	1547
333	1548
333	1549
364	2029
364	2249
364	430
365	366
365	765
366	2171
366	1023
366	1026
366	764
366	833
377	1936
377	2005
377	2635
98	412
421	1371
421	1550
421	656
422	1963
422	2036
421	422
422	1371
422	656
422	699
426	1993
426	2308
426	962
430	2029
430	2249
438	2582
438	2656
438	1007
438	1417
166	438
438	868
448	2110
448	2277
448	1005
448	1064
448	1080
448	449
448	1454
449	1007
451	1092
462	2390
462	463
462	1802
463	1802
464	1912
464	2297
464	2390
464	2397
464	1191
464	1343
462	464
463	464
464	470
464	568
464	1802
464	1803
467	2424
467	2592
467	550
467	551
467	1681
467	1682
467	1683
467	1687
467	1688
194	467
469	1413
469	843
470	2297
470	2395
470	1191
470	471
471	1191
484	2242
484	2282
484	791
484	792
484	794
485	2220
484	485
485	791
485	792
485	794
489	1941
489	2226
490	2011
490	2091
490	2148
490	2163
490	2188
490	2279
490	2633
490	1181
490	491
490	492
490	1420
490	832
490	840
491	2279
491	832
491	840
492	2279
491	492
492	840
504	890
504	2183
504	1451
504	677
504	678
504	1666
526	2455
526	2457
526	1042
526	1085
526	1705
526	1739
528	1948
539	540
539	722
539	724
540	722
540	723
543	2696
543	2698
543	2699
543	1162
543	1279
64	543
543	624
543	1518
543	1521
543	1528
543	1767
543	1825
543	1827
543	1830
550	551
551	1688
551	1878
565	2446
567	1495
567	885
568	2390
463	568
568	1802
570	1953
579	1955
579	2011
579	2163
579	2188
492	579
579	832
591	2654
595	1431
599	2296
602	1014
603	1014
602	603
610	611
619	975
277	619
619	1347
621	1957
623	762
624	1279
625	2536
625	2698
625	1279
543	625
624	625
626	1279
624	626
634	1960
634	636
635	1960
635	2106
634	635
636	1960
648	2156
648	1215
648	1514
649	1215
651	1963
651	2036
651	992
651	652
651	653
651	699
651	812
652	1963
652	2036
652	2396
652	992
652	1028
652	653
652	694
652	699
653	1963
653	1969
653	992
653	699
421	655
655	1371
655	656
656	2368
656	1371
656	1461
659	2705
659	1260
245	663
663	1044
663	1881
676	1451
676	677
677	1451
678	1451
691	1359
267	693
693	1377
694	992
698	1972
698	2261
707	2310
707	1023
707	1511
707	764
708	2073
708	2202
708	1023
708	1026
708	1057
366	708
707	708
708	1828
708	764
708	833
717	2552
717	2574
717	1554
717	1810
717	1812
724	2196
724	2609
724	2668
724	1437
540	724
729	2328
729	2329
729	1543
730	2156
649	730
732	1980
732	2350
732	2423
732	1591
736	1254
736	1458
174	736
749	2597
749	2632
751	2543
752	2213
754	1880
272	756
758	2536
758	2538
758	1171
758	1511
758	1518
758	1528
758	1767
758	1826
758	1828
758	1829
759	1987
430	759
761	2106
635	761
763	2011
763	2188
490	763
492	763
763	1420
763	832
764	1023
765	1023
768	1988
769	1988
770	1988
768	770
769	770
773	904
773	2269
773	1051
776	1228
777	1228
778	2119
778	2240
778	1045
778	1883
782	2574
782	783
789	2242
790	1835
195	790
790	792
792	794
195	792
793	2242
484	793
793	794
794	2242
790	794
791	794
195	794
795	1776
795	1778
796	2271
796	2475
796	2654
469	796
796	1410
796	797
796	843
797	2475
798	1378
168	798
798	799
799	2270
799	1378
652	812
653	812
694	812
815	2196
815	2422
723	815
829	2139
492	832
833	2073
833	2663
833	1057
837	2005
837	2635
837	1037
708	837
840	2279
843	1413
852	2629
852	968
852	1061
852	1336
852	1337
855	2097
855	2282
866	868
869	2656
166	869
868	869
871	2029
430	871
871	1905
884	1576
884	1577
884	1579
886	1578
677	890
902	1060
902	903
903	1060
904	2688
910	988
911	988
911	991
914	1187
914	1330
914	1346
915	1187
915	1188
921	2030
921	2255
927	1041
933	2230
935	2156
937	2249
941	2300
942	2037
947	2038
959	961
960	961
968	1061
968	1337
972	2587
973	2067
973	2587
974	2605
975	1050
277	975
978	1124
984	2455
296	984
985	2045
986	2045
985	986
911	987
724	988
911	989
989	991
989	1738
911	990
987	990
991	1720
991	1738
991	1740
992	1461
992	1561
993	2146
993	1280
1005	1080
1007	1458
1008	1458
1009	1458
1011	1812
1012	2068
1012	1015
1012	1049
914	1013
1013	2239
914	1014
1014	2239
1014	1015
1015	2618
1016	2618
1015	1016
1018	2051
1023	1026
1024	2171
1024	1026
365	1025
1026	2202
1026	1057
365	1027
1028	1969
1028	1461
1028	1561
1029	2519
1029	2550
972	1029
1029	1267
174	1029
1032	2053
366	1037
708	1037
1041	2161
299	1041
1042	2070
1042	2457
1042	2458
1042	2686
1042	1704
843	1042
245	1044
1050	2068
1050	2466
1013	1050
1050	1884
1051	2269
1057	2073
1057	2202
1061	1337
1064	1241
1070	1358
1070	1763
1071	2656
166	1071
868	1071
1076	2285
1081	1916
1082	2582
1081	1082
1082	1903
1085	2448
1085	1478
1085	1532
1085	1533
1085	1535
1085	1536
1085	1537
1085	1539
1085	1733
1087	2105
1087	2530
1087	1088
1088	2105
1088	2530
1096	2609
1096	2668
1096	1437
1096	1443
1103	2333
1104	2617
1104	1105
1104	1277
1105	2617
1105	1277
1113	2067
1116	2071
1116	2214
1124	2496
1124	2690
1125	2496
1125	2690
1129	2552
1129	2577
1129	1868
914	1136
1136	2239
1136	1808
1136	1846
937	1138
1138	2673
1138	1244
98	1139
1146	2269
1146	2623
1051	1146
1146	1468
1051	1147
1148	2486
1149	2085
1157	2088
1162	2698
1162	1163
1162	1518
1162	1828
1163	2538
1168	1528
1168	1826
1168	1828
1171	2537
1171	1829
1181	2091
1181	2148
1182	2404
1182	2486
1182	1184
1182	1656
1183	2404
1183	2486
1182	1183
1183	1184
1183	1656
1184	2404
1186	2093
1187	2093
1187	1188
1188	2093
1190	2361
1190	2395
1190	2704
983	1190
1190	1229
470	1190
1190	1546
1191	2297
1191	2395
1191	1229
1209	2518
1209	1578
886	1209
1215	2156
1222	2102
1223	2102
1226	2279
491	1226
471	1229
1239	2109
1241	2110
1241	2333
1241	1290
1241	1551
1244	2673
1248	1249
1252	2425
1252	2507
1252	2517
1252	2528
1252	2584
1209	1252
1252	1253
1252	1265
50	1252
1252	1577
1252	1578
1252	1813
1252	1814
1252	1815
1252	1816
1252	1843
1252	1870
886	1252
1253	2481
1253	2507
1253	2554
1253	1843
1254	2650
1254	2678
1064	1254
383	1256
1257	2511
1256	1257
383	1257
1258	2120
232	1259
1259	1678
1260	1261
1261	1262
1261	1809
1262	2705
1260	1262
659	1262
1262	1809
1263	2705
1260	1263
1261	1263
1262	1263
659	1263
1267	2240
1277	2617
1278	2125
1290	2333
1290	1551
1300	2550
1300	2587
972	1300
1301	2140
1318	2192
1318	1777
1319	2649
972	1320
1320	1346
1320	1392
1323	2650
736	1323
1326	2157
1326	2633
1330	2159
1332	1666
1332	1870
1333	1666
1334	2161
1335	2162
1336	2629
1336	2630
968	1336
1336	1402
1345	2285
1346	1808
1347	1808
602	1352
1358	1763
1365	2622
1378	2270
1380	2573
1380	2581
1383	2189
1386	2280
1390	1495
885	1390
1392	2198
1346	1392
1402	2629
1183	1403
1188	1405
1409	2215
1410	1413
1411	1413
1412	1413
796	1412
166	1417
1418	2225
1418	1842
1420	2633
1421	1453
1425	2230
1426	2231
730	1428
679	1429
1430	2237
1327	1431
1442	2421
1443	1444
1444	1797
1445	2542
1445	2679
1452	2255
724	1452
1005	1454
1455	2694
1456	2641
993	1463
1425	1465
603	1468
993	1473
1474	1982
1475	2501
1475	1779
1476	1778
1478	1736
1479	2686
149	1479
1487	2287
1511	2310
1514	1517
1517	2314
1511	1518
1521	1830
1522	2696
1521	1522
1522	1767
1522	1827
1523	2321
1528	1767
1528	1827
1529	1544
843	1529
1531	1704
1533	1534
1533	1745
1535	2448
1533	1536
1534	1536
1536	1537
1536	1538
1537	1538
1532	1539
1540	2326
1533	1540
1540	1543
1541	2327
1540	1541
1541	1543
1542	2328
1542	2458
1542	1543
1543	2329
1546	2395
470	1546
58	1548
1548	1549
58	1549
1550	2332
1551	2333
1554	1810
1555	2397
1555	2552
1555	2579
1129	1555
1555	1868
1576	1579
1577	1579
1578	2507
1265	1578
1578	1815
1578	1816
884	1578
1576	1580
1577	1580
1591	2350
1591	2423
1633	2379
1635	2381
1648	2392
1655	2683
1656	2486
1658	1809
1659	2407
1660	2408
1661	2409
1662	2411
1662	2684
1662	1663
1662	1664
1663	2411
1663	1664
1664	2684
1045	1665
1665	1883
1666	1883
1667	1668
1677	2421
1678	2422
1681	1878
550	1682
1684	1685
1686	2424
467	1686
551	1686
1681	1686
1682	1686
551	1687
1687	1688
1687	1878
1688	2428
1699	2437
1700	2438
1700	2452
295	1700
1701	1733
1702	2440
1702	2450
1702	1720
1702	1721
1702	1725
1702	1740
1703	2441
1703	1727
1702	1705
1706	2442
1706	2450
1706	2459
1706	2461
1706	2465
1703	1706
1706	1713
1706	1714
1706	1732
1706	1737
1706	1740
1706	1742
1706	1743
1707	2443
1707	1708
1708	2443
1709	2444
1710	2445
1712	2450
1712	2451
1712	2460
1712	2461
1712	2464
1712	2465
991	1712
1706	1712
1712	1713
1712	1714
1712	1720
1712	1726
1712	1729
1712	1738
1712	1740
1713	2461
1713	2464
991	1713
295	1713
1713	1720
1716	2686
1715	1716
1720	2450
1722	1731
1723	1731
1724	2451
1724	1729
1725	2452
1721	1725
1726	2452
1726	2462
1726	1727
1726	1728
1728	2462
1727	1728
1729	2459
1729	2460
1729	2464
1714	1729
1729	1738
1730	2456
1730	1731
1731	2687
1732	2459
1732	1742
1732	1743
1733	2457
1734	2457
1733	1734
1731	1735
1736	1738
1737	2459
1728	1737
1742	1743
1744	2463
1755	2473
1755	1756
1756	2472
1756	2473
1756	1757
1757	2472
1755	1757
1550	1758
1759	2471
1767	2537
1171	1767
1768	2531
1772	2493
1775	2495
1777	2284
1779	2500
1788	2513
1791	2513
1788	1791
1443	1797
1444	1798
1797	1798
1330	1804
1806	2520
1810	1812
1814	2528
1265	1815
1813	1815
1815	1816
1819	2533
1820	2534
1823	2535
1171	1824
1825	2698
1825	2699
1163	1825
1825	1826
1825	1828
1528	1826
1826	1829
1827	2697
1827	2698
1162	1827
1824	1827
1832	2543
1832	1888
1834	2542
1835	1836
1418	1839
1839	1842
1843	2554
1844	2555
1845	2567
1845	2568
1845	1846
1845	1847
1845	1848
1845	1857
1846	1847
1846	1857
1847	1857
1849	2556
1857	2567
1858	2571
1863	2576
1866	1867
1869	2580
1870	2585
