0	906
0	1909
0	1940
0	1943
0	2059
0	2131
0	2143
0	2195
0	2229
0	2233
0	2292
0	2324
0	2336
0	2340
0	2342
0	2346
0	2353
0	2366
0	2378
0	2380
0	2401
0	2402
0	2426
0	2427
0	2433
0	2469
0	2492
0	2525
0	2570
0	2572
0	2606
0	2610
0	2639
0	2655
0	2657
0	2666
0	2681
0	2695
0	2702
0	950
0	1010
0	1053
0	1054
0	1073
0	281
0	31
0	1144
0	311
0	1200
0	1212
0	1217
0	1255
0	1287
0	1298
0	1304
0	1305
0	1314
0	1321
0	1329
0	1344
0	445
0	1348
0	1349
0	1350
0	1366
0	1393
0	487
0	488
0	524
0	1460
0	1469
0	571
0	580
0	583
0	584
0	605
0	1502
0	1503
0	1509
0	642
0	643
0	1530
0	1553
0	1556
0	1557
0	1558
0	1559
0	1560
0	1562
0	1563
0	1564
0	1570
0	1571
0	1574
0	1586
0	1589
0	1602
0	1610
0	1612
0	1619
0	1625
0	1637
0	1638
0	1639
0	1654
0	1689
0	1690
0	1691
0	1692
0	1696
0	1746
0	1748
0	1752
0	1754
0	712
0	713
0	720
0	737
0	738
0	1811
0	1861
0	1862
0	803
0	817
0	822
0	827
0	186
0	13
0	880
0	883
1	2057
1	2149
1	950
2	1933
2	1973
2	2002
2	2032
2	2090
2	2137
2	2203
2	2209
2	2244
2	2317
2	977
2	4
2	5
2	1033
2	1178
2	1185
2	368
2	414
2	424
2	427
2	432
2	434
2	1398
2	525
2	541
2	9
2	650
2	667
2	113
2	116
2	118
2	126
2	705
2	167
2	1851
2	172
2	846
2	1901
3	2065
3	1077
3	301
3	1169
3	1211
3	413
3	420
3	427
3	432
3	477
3	478
3	1398
3	525
3	541
3	116
3	122
3	774
4	2137
4	334
4	541
4	846
5	262
5	541
7	2206
7	514
8	2544
8	1237
8	598
9	1322
10	666
13	207
13	1965
13	2095
13	2127
13	940
13	1020
13	1109
13	301
13	350
13	1321
13	431
13	1361
13	1362
13	524
13	1640
13	111
13	121
13	123
13	706
13	1901
27	1922
27	2293
27	2343
27	2385
27	2544
27	2547
27	1099
27	312
27	1179
27	1298
27	393
27	1338
27	1480
27	1512
27	639
27	1527
27	1598
27	1693
27	711
27	151
27	152
27	824
27	825
27	854
27	881
31	1943
31	2469
31	2525
31	2532
31	2570
31	2639
31	1083
31	32
31	542
31	571
31	1570
31	1753
31	737
31	1811
31	817
32	542
35	2150
44	1918
44	2050
44	2062
44	2063
44	74
44	612
44	158
45	1918
45	2281
45	2476
45	534
45	141
46	202
46	2022
46	2132
46	2412
46	1089
46	549
46	766
47	1906
47	1911
47	2000
47	2020
47	2050
47	2076
47	2200
47	2252
47	2330
47	2651
47	1034
47	1036
47	1078
47	312
47	1224
47	373
47	393
47	612
47	613
47	614
47	615
47	1592
47	1598
47	1599
47	702
47	151
47	152
47	755
51	2232
66	1906
66	1120
66	1269
66	711
66	828
67	2076
67	2243
67	2600
67	2653
67	1158
67	1331
67	499
67	1464
67	613
67	138
67	156
69	1939
69	2141
69	2434
69	1898
72	912
72	1925
72	1998
72	1999
72	2019
72	2133
72	2164
72	2355
72	2476
72	2648
72	1120
72	1203
72	344
72	1303
72	1314
72	77
72	534
72	584
72	609
72	131
72	695
72	696
72	1693
72	715
72	733
72	181
72	184
73	1998
73	2281
73	2355
73	344
73	349
73	715
74	1939
74	2141
74	2304
74	1180
74	1328
74	1506
74	715
74	1900
75	2141
75	711
76	2304
76	1120
74	76
76	77
76	1646
77	1898
78	2081
78	2434
74	78
78	1898
82	1974
82	2155
82	2221
83	916
83	2086
83	2095
83	417
83	1508
87	2128
87	2177
87	2238
87	2413
87	2416
87	977
27	87
4	87
87	1010
87	261
87	1122
87	1160
87	1185
87	420
87	1355
87	514
87	111
87	113
87	117
87	118
87	120
87	121
87	122
87	1669
87	1675
87	1859
87	1901
89	1989
89	2334
89	1030
89	1031
89	1459
9	89
89	1486
89	151
89	182
107	1922
107	1526
107	1594
108	1922
108	2000
108	2150
108	733
108	828
108	181
111	2006
111	2028
111	2413
29	111
111	1185
111	112
111	113
111	121
111	122
112	1361
113	2317
114	2015
114	2090
114	2128
5	114
114	1020
114	336
114	413
114	876
115	2002
115	2154
115	2413
115	1126
115	334
115	165
117	2254
117	2562
117	258
117	409
117	1450
118	2254
118	2637
118	427
118	667
118	1901
119	957
119	958
119	1122
119	1152
119	1225
119	434
119	525
119	172
119	189
119	865
120	2254
121	207
121	1933
121	1986
121	2002
121	2006
121	2015
121	2028
121	2032
121	2069
121	2090
121	2092
121	2095
121	2121
121	2123
121	2127
121	2177
121	2199
121	2203
121	2238
121	2275
121	2289
121	2344
121	2382
121	2386
121	2413
121	977
4	121
121	247
121	1020
29	121
121	262
121	1086
121	1109
121	298
121	1185
121	1194
121	334
121	336
121	1236
121	375
121	1276
121	413
121	414
121	420
121	424
121	432
121	434
121	1354
121	1361
121	1362
121	1408
121	507
121	525
121	1450
9	121
121	650
121	667
121	1640
113	121
114	121
117	121
120	121
121	122
121	123
121	126
121	127
121	1670
121	1671
121	1675
121	165
121	1851
121	846
122	1986
122	2059
122	2169
122	2317
122	2416
122	2619
122	977
122	262
122	1077
122	1160
122	368
122	409
122	420
122	525
122	1450
113	122
117	122
118	122
122	123
122	127
122	1669
122	135
122	881
123	2244
123	127
124	2128
124	2177
124	2289
124	1251
124	876
124	1901
126	1020
114	126
126	127
127	427
114	127
131	2019
131	2601
131	2608
131	2631
131	2648
131	2658
131	1203
131	344
131	1480
131	584
131	733
133	2113
133	1203
135	2275
135	2385
135	433
136	1932
136	2386
136	301
136	433
136	650
135	136
136	1789
136	1879
137	1923
138	945
138	1142
138	1552
138	1599
139	2418
139	2646
139	1404
139	1459
139	1464
139	616
139	632
139	196
141	711
143	2281
143	1492
151	2664
151	1486
152	2707
152	1158
152	345
152	1369
152	156
152	854
154	1906
154	895
154	2000
154	2165
154	2252
154	312
154	1269
154	1369
156	1423
158	2062
158	2077
158	1043
158	640
160	2540
160	276
160	1225
51	160
160	646
165	1986
165	2025
165	2065
165	2121
165	2199
165	2209
165	1398
173	2076
173	2354
173	2512
173	217
173	2644
173	2669
173	1017
173	354
173	374
173	1314
173	613
173	614
173	615
173	647
173	1647
173	689
173	711
138	173
179	1924
180	912
180	1924
181	912
181	1924
182	912
182	1924
182	1974
182	2221
182	1131
182	403
182	1370
182	1408
9	182
182	1499
182	630
182	632
182	671
182	836
184	1925
184	2664
186	906
186	2394
186	1441
186	1653
186	1752
186	1860
186	189
188	2251
188	2665
188	1441
188	1653
188	1746
188	1754
188	189
189	2394
189	2616
189	311
189	1441
189	1653
196	2412
196	1034
196	1036
196	1152
197	2652
197	444
137	197
198	2019
198	2293
198	939
198	1102
198	304
198	344
198	1303
72	198
198	534
198	537
198	609
198	1527
131	198
198	695
198	696
198	1693
198	1822
198	824
199	202
201	202
201	203
201	2046
201	2087
201	2144
201	2253
201	1306
201	645
135	201
202	828
203	2253
207	2087
207	2134
207	2547
207	2644
207	349
207	460
207	1464
207	592
207	1647
125	207
181	207
201	208
207	208
208	2703
208	313
208	1224
208	1294
9	208
208	1646
182	208
208	881
214	2331
212	214
214	2653
214	1233
214	499
214	613
214	1526
214	1594
215	2343
217	1492
234	2401
234	290
247	298
247	1851
248	2025
248	2254
248	1851
258	2028
27	258
29	258
259	2081
259	522
261	2238
262	263
264	2320
264	336
266	2233
266	2603
266	2606
266	2655
266	2702
266	1054
266	488
266	571
266	1747
266	879
266	882
274	1931
274	1990
274	2602
274	654
274	1601
274	680
275	1931
275	276
276	1931
276	1601
239	281
289	1981
290	2399
297	2022
297	2209
297	298
297	1155
297	477
297	864
298	2652
298	1155
298	477
298	864
301	1932
301	1965
301	2275
301	2385
301	1126
301	431
301	478
301	1789
301	1879
302	1932
303	1932
304	2602
72	304
304	537
304	654
305	2021
305	696
307	1991
312	1906
312	1592
313	2640
312	313
314	1524
314	1525
318	2043
318	319
318	828
323	2275
323	324
323	1789
325	2619
325	2628
324	325
327	2661
244	327
313	327
327	455
327	1801
334	1933
334	2206
335	1933
335	1938
335	2019
336	1933
336	2015
336	2032
336	2090
336	375
165	336
342	2334
342	1423
345	2335
345	2707
347	2167
347	2180
347	348
347	1351
347	1357
348	2046
348	2134
348	2167
348	1351
348	1357
350	2173
354	2076
354	1063
354	613
354	614
354	615
138	354
361	2087
361	2134
368	1991
368	1122
307	368
373	393
374	896
374	897
212	374
217	374
374	2638
374	2644
374	1164
374	1459
375	2002
375	2032
167	375
378	2065
385	1958
385	1990
385	2278
385	2323
44	385
386	413
386	578
387	1592
372	393
401	2356
401	402
401	1600
401	715
402	1999
403	2101
258	403
403	1131
403	1370
403	496
404	2544
402	404
407	916
407	1947
407	2317
407	410
407	417
407	1799
407	1800
407	1801
407	774
408	916
408	943
313	408
408	410
408	417
408	1799
408	1800
408	1801
335	409
409	417
409	650
410	417
413	2154
413	2344
413	1387
334	414
115	414
415	2046
415	2292
416	2177
416	2382
416	1671
417	916
417	2206
417	1799
417	1801
420	2025
423	922
424	2069
424	2123
424	2386
247	424
424	1276
414	424
424	1398
120	424
126	424
424	1670
424	1671
424	865
425	507
427	2025
428	1408
409	429
125	429
126	429
432	846
434	1122
368	434
435	2637
4	435
435	1211
172	435
247	436
120	436
437	2626
437	1086
437	1398
437	1859
439	977
439	1211
445	643
445	1585
445	1642
244	455
459	2281
459	600
465	2167
465	939
276	465
465	1351
465	1357
465	538
466	2434
466	964
466	534
466	538
477	2209
486	1940
486	2657
486	2695
486	487
486	1625
487	1940
487	2082
488	1940
488	2532
488	2570
488	1610
488	1625
363	496
457	496
507	1019
350	507
513	2512
513	2601
513	2608
513	2631
513	2658
513	1197
335	513
335	514
517	2412
517	1234
47	517
107	517
517	702
524	922
524	2376
524	2398
524	2680
524	954
524	1603
524	1604
524	1608
524	1640
524	1650
524	681
525	1947
534	2019
534	834
535	1990
535	2362
535	2363
535	2364
535	944
535	945
535	946
535	1193
535	1331
72	535
535	588
535	609
535	639
535	1600
535	1601
535	780
537	1998
72	537
131	537
538	2434
538	964
534	538
549	1950
549	2601
549	2608
549	2631
549	2658
7	549
549	609
549	1781
566	2553
289	566
571	2342
573	1217
573	1297
573	1649
576	2430
576	1179
576	577
576	1900
577	1976
577	2499
577	1179
577	1180
577	1328
577	1900
578	1986
578	970
583	2612
583	737
585	2640
585	1592
587	1976
596	2302
596	597
596	598
605	1640
607	2251
607	2539
607	1447
607	1467
77	609
609	715
74	612
612	1492
613	2000
613	614
613	615
614	2334
614	615
622	2323
387	622
630	2221
363	630
403	630
496	630
631	2155
363	631
630	631
631	632
632	1974
632	1131
632	1499
275	633
637	1482
639	2164
640	2476
640	2664
641	2191
641	654
642	922
642	2345
642	2347
642	953
642	954
302	642
423	642
642	1581
642	1582
642	1583
642	1586
642	1637
643	2373
643	2675
643	1052
643	1281
643	1489
643	1490
643	1586
643	1626
643	1628
643	673
643	713
644	2195
644	1586
644	1589
644	1627
644	1634
644	673
644	692
646	1962
647	2354
650	1879
654	2191
654	2223
654	2602
654	1272
654	1414
657	2394
657	2510
657	2616
657	2680
431	657
657	1603
657	1604
657	1608
657	1640
657	1650
657	1752
664	2142
664	831
665	831
666	1065
666	831
667	1152
669	2340
669	2341
31	669
486	669
669	1572
669	737
673	875
680	695
681	2398
681	2665
431	681
681	1899
682	1899
684	2010
684	1224
684	856
689	2027
692	1281
696	1506
696	811
696	875
700	2081
702	2200
702	1034
702	1036
259	702
705	1973
706	1089
517	706
700	706
711	1976
711	2107
712	2402
712	1052
643	712
712	1626
712	713
713	2288
713	875
714	1052
714	1626
714	1628
713	714
184	715
716	1416
184	716
720	1505
720	805
721	805
598	731
737	1212
737	738
738	1212
409	746
514	746
747	2401
747	1609
753	1986
755	2335
152	755
755	854
755	1897
202	766
766	2132
772	1989
772	2000
354	772
772	1464
774	2069
774	1799
779	1990
779	2360
779	2364
779	2664
779	1599
779	1601
780	1990
780	2364
780	1601
786	2405
786	2490
385	786
786	1351
786	1357
8	786
786	1657
802	803
809	2233
809	2306
809	2336
809	2338
809	2387
809	2401
809	2603
809	2606
809	2655
809	2681
809	2702
809	1305
809	1329
809	1366
0	809
809	1509
809	1557
809	1569
809	1654
747	809
802	809
809	817
809	883
811	1897
817	2523
311	817
817	1314
817	1460
817	1504
817	883
368	820
820	1362
820	1563
822	2143
822	2324
822	2380
822	2606
822	2655
822	2681
822	2702
822	1083
822	1530
822	1560
822	1569
822	1573
822	1610
822	1696
712	822
823	2243
823	2600
824	2243
824	2600
137	825
772	825
173	825
182	825
825	881
827	2529
827	2619
827	2628
325	827
831	2353
831	1348
831	1349
831	1350
831	1862
671	836
838	2107
838	2175
838	2499
838	2604
838	1266
432	838
576	838
577	838
720	838
141	838
838	846
838	1900
637	842
846	2123
848	2434
848	1131
538	848
850	2320
156	854
856	2010
857	1052
857	1612
857	1625
857	1626
857	1628
692	857
858	2378
858	2675
858	951
858	1634
692	858
865	867
865	870
876	1630
877	1634
876	877
879	889
879	2603
879	2681
488	879
879	882
488	880
880	1610
882	2603
882	1564
889	2251
889	2539
893	894
431	894
895	2020
896	2020
896	897
897	2638
897	1078
154	897
898	1505
906	2129
906	2336
906	2346
906	2402
906	2666
906	1284
906	1490
643	906
906	1565
916	2095
922	2347
922	2666
922	2676
922	1581
922	1582
922	1583
922	1588
928	2603
928	1344
834	939
700	940
244	943
944	946
944	1331
945	946
945	1193
945	1552
780	945
948	2077
385	948
77	948
949	2345
949	2347
949	951
949	1284
949	1581
949	1583
950	951
950	1284
951	1284
423	953
953	954
957	958
957	1251
958	1251
114	977
126	977
127	977
994	995
1006	1225
580	1010
605	1010
1010	1619
1017	2354
1017	2669
647	1017
1019	1497
1020	2121
1020	2127
1020	2199
1021	2143
1021	1114
1021	1484
1022	2103
1022	1484
1022	1503
802	1022
151	1030
1030	1031
1031	1486
151	1031
368	1033
1034	1404
1034	1035
1035	1404
1034	1036
202	1040
1040	2132
995	1040
46	1040
766	1040
828	1048
1052	1501
1053	2233
1	1053
1053	1563
1053	1652
747	1053
1054	2233
1058	2412
1058	1089
1058	1233
817	1058
696	1063
1065	2142
1073	2059
1073	2376
1074	2060
1074	2433
1078	2165
1083	1595
1083	1610
1086	2123
1091	1448
179	1091
1095	2065
137	1099
1108	2359
779	1108
964	1112
538	1112
1112	1508
1112	1524
1112	1525
1114	1484
1120	2281
827	1121
1141	1595
1142	1906
945	1142
1142	1193
1142	1552
780	1142
1143	2082
738	1143
1144	2082
864	1155
1158	2200
1158	2334
1158	1423
1160	1669
1164	2291
1077	1169
1180	1328
1185	2092
112	1185
1192	1289
1193	1552
1194	2095
1197	2553
8	1197
1200	2126
1200	2412
13	1200
584	1202
1205	2167
1205	1482
1206	1482
1217	2195
1217	2337
1217	2400
1200	1217
1217	1329
524	1217
1217	1553
1217	1562
1217	1642
673	1217
802	1217
13	1217
1218	2398
1217	1218
1218	1329
0	1218
1218	1619
1218	1649
1089	1233
1236	2614
1020	1236
1243	2342
1255	2306
1255	2336
1269	2334
1272	1414
1276	2123
1281	1490
1284	2129
1287	2131
1287	2266
1287	1603
1287	1634
1288	2131
1289	1789
1292	2133
1294	1646
1297	2399
922	1298
1298	1480
1304	2143
1305	2143
1305	2433
1306	2144
1309	2191
1310	2149
1311	2149
1312	2149
1312	2578
823	1312
1313	2433
1074	1313
1314	2150
827	1321
772	1322
1344	2292
1344	2426
1344	2427
1344	1460
1344	1502
1344	1689
1344	1690
1344	1691
1344	1692
1344	1754
1348	1349
1348	1862
1349	2353
1349	2662
1349	1862
1350	2353
1350	2662
1349	1350
1350	1862
1351	2167
1354	1355
1366	2447
1366	1393
542	1366
1366	1711
1368	2469
1324	1368
1393	1711
1398	2203
1398	1789
1424	2229
1447	2251
1447	2539
1448	2252
1450	2254
1298	1460
1467	2539
1469	1909
1469	2578
1486	2283
1488	2288
1489	2288
1490	2288
1494	2371
951	1494
1501	2470
1501	2657
1501	2689
1502	2470
1502	2657
1502	2689
1502	1575
1502	1746
1502	1747
1502	1750
1502	1753
1502	1754
1503	2657
487	1503
1503	1748
1506	2302
1509	2307
1509	1556
1509	1569
1509	1861
1512	2312
1524	1525
1526	1594
1545	2330
684	1545
1553	2400
1553	2665
1556	1569
1556	1861
1558	1639
1559	1571
954	1562
1562	1589
1562	1622
1562	1638
1562	1651
1562	1652
712	1562
858	1562
1563	2488
1563	2578
1565	2402
1567	2681
1567	1638
1568	2400
1553	1568
1569	2338
1570	1571
1571	2339
1572	2341
1574	2492
1575	2342
1582	2345
1582	2347
1582	2676
1582	2677
1581	1582
1582	1583
1584	2345
1584	2666
1583	1584
1585	2365
1585	2372
1582	1588
1589	2365
1589	2372
1287	1589
1589	1627
1589	1634
1590	2346
1592	2352
1593	2352
1598	2360
1598	1599
1599	2360
1600	2364
1601	2364
1602	1603
1602	1604
1603	1604
1605	2365
1605	2372
1605	1612
1606	2365
1606	2372
1608	2371
1610	1618
1611	2377
1611	1627
1611	1628
1614	1638
1622	2373
1628	2377
1628	2674
1629	2674
1628	1629
1631	2377
1636	2676
1636	2677
1645	2387
1645	2388
1645	2389
1649	2398
1651	1652
747	1651
747	1652
1654	2401
1654	2482
1657	2405
1669	2416
1670	1671
1675	2413
1689	1692
1690	1692
1691	2426
1305	1696
1711	2447
1746	2470
1746	2689
1746	1750
1749	2468
1749	2469
1749	2510
1749	1750
1750	2468
1750	1753
1751	2689
1575	1754
1833	2540
1841	2553
1841	2589
1557	1861
1897	2707
