14	1942
14	1971
14	2145
14	2561
14	2583
14	494
14	15
15	1952
15	1971
15	1978
15	2055
15	2080
15	2136
15	2181
15	2219
15	2276
15	2319
15	2384
15	2545
15	2583
15	2595
15	238
15	243
15	1004
15	1247
15	1395
15	1396
15	494
15	508
15	563
15	1477
15	104
15	668
15	106
15	1695
15	727
15	1785
15	1795
15	860
16	2016
16	2099
16	1001
16	42
16	1214
16	57
16	80
16	531
17	332
17	418
17	80
18	1001
18	332
18	418
18	80
17	18
19	2624
19	80
19	844
20	22
20	1920
20	1970
20	2403
20	2682
21	22
21	2018
22	2682
22	23
23	2018
23	2079
26	1944
26	560
26	658
26	109
28	1908
28	1917
28	1966
28	1996
28	2078
28	2089
28	2135
28	2138
28	2145
28	2147
28	2153
28	2182
28	2222
28	2246
28	2258
28	2357
28	2391
28	2485
28	2491
28	2516
28	2545
28	2548
28	2563
28	2591
28	2621
28	2693
28	1047
28	1097
28	1128
28	1156
28	1159
28	358
28	369
28	370
28	371
28	1268
28	389
28	1389
28	1395
28	1397
28	544
28	1477
28	608
28	1761
28	739
28	162
28	164
28	814
28	1875
28	841
28	1889
28	1890
28	1892
28	1893
28	1894
28	1895
33	2176
33	2541
33	620
33	1831
36	2049
37	998
37	61
38	59
39	2024
39	2099
37	39
39	61
40	2647
40	2659
40	2660
37	40
41	930
41	2075
41	2301
41	42
42	891
42	2099
42	2211
42	2642
42	2645
42	1316
42	810
43	891
43	2624
43	2660
43	1127
43	1214
43	60
43	1374
43	530
43	760
43	807
48	899
48	918
48	1946
48	2174
48	2186
48	2217
48	2235
48	2590
48	1119
48	1135
48	1198
48	442
48	1384
48	1406
48	90
48	670
48	109
48	710
49	1961
49	2008
49	2039
49	2186
49	2273
49	2294
49	2590
49	1198
49	1221
49	398
49	638
57	2023
57	1299
57	481
59	929
59	930
59	1238
59	810
60	1995
60	999
37	60
39	60
60	61
61	929
61	930
61	931
61	743
62	908
62	930
62	931
62	2611
37	62
62	1496
62	787
62	788
68	2166
68	2313
68	2351
68	2417
68	2487
68	2509
68	971
68	1069
68	1401
68	515
68	533
68	553
68	1472
68	1769
68	740
68	185
70	2497
70	2642
70	2645
70	1119
71	887
71	1985
71	2007
71	2044
71	2055
71	2061
71	2116
71	2298
71	2318
71	2357
71	2429
71	2431
71	2485
71	2491
71	2502
71	2586
71	2599
71	2615
71	2693
71	2700
71	963
71	1097
71	370
71	381
71	382
71	390
71	468
71	483
71	501
71	509
71	1440
71	1446
71	1485
71	608
71	688
71	1698
71	1770
71	157
71	804
71	806
71	814
71	841
71	1885
71	847
71	1889
71	1893
71	874
79	1937
79	1946
79	1367
79	453
79	454
79	1406
79	1419
79	1877
79	874
80	2624
42	80
80	1214
80	1374
84	1954
84	2055
84	2118
84	2145
84	2505
84	2506
84	2541
84	2560
84	2561
84	2627
84	969
84	243
84	1079
33	84
84	475
84	1388
84	520
84	1470
84	586
84	739
84	741
84	1891
85	1951
85	2264
85	2558
85	2561
85	2588
85	952
33	85
85	1271
85	476
85	509
85	586
85	685
85	690
85	1850
85	872
6	88
90	1471
90	94
91	901
91	2111
91	222
91	228
91	1098
6	91
91	388
91	735
91	785
91	1904
95	1961
95	2039
95	2235
95	2273
95	1119
104	2384
104	969
104	1247
105	1907
105	2201
105	1299
105	481
105	787
106	2080
109	2035
109	229
109	406
109	442
109	1432
110	2506
110	2691
110	2692
110	1780
110	1787
128	206
128	2295
128	2410
128	818
129	2158
129	2166
129	1264
129	740
132	2313
132	1056
132	1516
134	1992
140	1992
140	2158
140	1264
140	153
140	740
146	2194
146	2305
146	1101
146	1356
146	1363
146	1379
146	520
146	1439
146	1481
147	1979
147	2264
147	1356
147	520
147	1439
147	617
147	618
150	1964
150	2176
150	2449
150	2541
150	2627
33	150
150	1470
84	150
150	1817
153	2152
153	2216
153	660
153	662
155	2187
161	2564
161	162
161	164
161	1856
162	1856
163	1856
162	164
164	1855
164	1856
171	913
171	2273
171	1090
171	398
171	533
177	2174
177	1135
177	512
177	638
178	1135
178	512
187	1956
187	2299
187	2620
187	2667
187	1196
187	1250
190	1937
190	2526
191	900
192	900
91	192
191	192
200	2111
200	225
200	226
200	228
200	980
200	279
6	200
200	1291
200	405
91	200
200	728
200	734
200	735
192	200
204	1935
204	936
204	357
204	555
209	1928
209	371
213	216
216	1219
216	454
216	569
216	575
218	2322
219	227
219	1075
220	2034
220	2104
221	2228
88	221
221	1904
222	1910
222	2003
222	2193
222	2217
220	222
222	229
222	1093
222	1098
222	1240
222	440
222	441
222	442
222	1373
222	1384
222	1471
90	222
94	222
222	710
222	859
223	391
224	2026
224	2034
224	2104
224	2498
220	224
224	527
224	627
225	934
225	2228
225	734
226	2322
219	226
226	227
6	226
226	406
226	863
227	2228
227	231
228	2111
222	228
228	662
109	228
228	728
228	785
220	229
230	2034
230	2104
220	230
231	2228
231	1075
236	1944
236	2026
219	236
224	236
226	236
228	236
236	340
236	341
236	406
91	236
109	236
236	728
236	734
238	913
238	1385
238	1396
252	2591
254	255
254	256
254	813
255	2170
255	966
255	813
255	1902
256	2248
257	2170
257	2248
257	966
256	257
257	1199
257	1360
257	1902
260	1952
260	563
260	818
265	497
273	2158
273	2236
273	1273
278	384
278	1818
279	1944
279	2035
279	2152
225	279
236	279
279	1137
279	1216
279	1232
279	1240
279	506
279	556
279	662
279	785
191	279
192	279
280	506
315	1119
316	757
317	2114
317	952
317	1130
316	317
317	1400
317	1481
317	719
317	757
317	859
320	2001
320	2114
320	346
321	346
321	1507
322	1954
322	346
326	1616
326	1620
326	1621
326	830
328	1996
328	2138
328	2319
328	2358
328	2474
328	2545
328	976
328	1156
328	369
328	1275
328	1389
328	563
328	608
328	688
328	1676
328	1680
328	1760
328	1762
328	1795
162	328
164	328
328	1854
328	814
328	1873
328	1889
328	1894
329	1271
329	476
329	545
329	872
330	529
330	703
330	845
330	331
331	844
331	845
331	861
332	845
19	332
337	2013
337	2098
337	2218
337	338
337	339
337	1264
337	1435
129	337
338	339
340	2041
340	2208
340	2268
219	340
227	340
231	340
340	980
340	341
340	388
340	560
340	863
341	2041
341	2268
218	341
219	341
227	341
231	341
341	560
341	863
351	1934
351	2031
351	2117
351	2348
351	1066
351	1173
351	352
351	1491
351	1643
352	1934
352	2031
352	2348
352	1643
353	2016
353	2349
353	1214
353	1374
353	530
353	531
353	532
81	353
204	355
355	919
355	920
355	1935
355	2260
355	2267
355	2294
238	355
34	355
355	356
355	357
68	355
355	511
355	1435
355	701
140	355
204	356
356	1935
356	357
357	1935
358	2083
358	544
359	362
360	362
367	1975
367	2100
367	545
367	556
370	1156
370	371
371	2061
371	1084
371	1761
371	851
376	2094
278	376
376	1886
379	1954
379	1971
379	1975
379	2009
379	2290
379	2435
379	2454
379	2595
379	2685
379	981
379	1004
379	1067
379	1068
329	379
379	1207
367	379
379	1271
379	545
379	697
379	1698
379	709
379	847
379	873
380	1949
380	2115
380	1004
380	493
380	546
381	2599
381	2615
381	2700
381	382
381	390
381	874
382	1339
382	1433
384	2055
384	2219
384	2561
384	1072
384	1207
384	1785
15	384
388	2041
388	2072
388	2262
388	1432
389	2153
390	1150
382	390
390	501
390	874
391	1075
391	1285
392	2003
392	2208
392	1075
394	2004
394	2174
395	1961
395	670
396	2075
397	1419
171	397
399	2089
399	2375
399	2591
399	1159
400	2591
405	934
405	980
405	1291
406	2208
411	913
411	936
411	2509
34	411
418	2607
19	418
419	2624
440	473
441	1910
441	442
222	443
443	1093
443	1094
446	1979
446	1106
446	447
446	509
446	719
446	859
447	2303
447	2311
450	1363
450	508
147	450
452	2246
71	452
452	1680
452	775
453	2599
453	2615
453	2700
453	454
458	2008
461	1983
461	1135
468	725
468	726
472	2135
472	2260
472	1204
468	472
472	498
472	582
472	1805
473	685
473	859
278	474
474	1132
474	1694
474	1695
474	819
33	475
475	741
476	873
479	1979
479	2264
479	2515
479	1101
479	1356
479	1363
479	1379
479	1481
480	1907
480	481
482	2074
482	1471
483	979
483	1220
483	495
493	1942
493	546
494	1942
495	899
495	971
495	1219
497	1944
497	2003
498	2122
498	2620
498	2667
498	1066
351	498
498	1275
498	1317
498	582
498	1500
498	1790
500	1123
500	501
500	674
501	2212
502	1945
502	2179
502	703
502	861
503	923
503	926
503	2049
503	2305
36	503
503	1510
503	757
23	505
505	2122
505	558
505	1498
508	2593
508	2598
508	2625
509	1967
509	2588
509	2593
509	2598
509	2625
509	1189
509	1438
509	1439
509	1440
509	1446
509	617
509	618
510	2613
510	784
511	913
511	1946
511	936
238	511
397	511
511	1385
511	1407
511	590
511	658
511	701
512	1946
512	1983
512	2174
512	638
515	2351
515	971
515	1166
516	2049
516	1172
516	521
516	1596
516	1597
518	2222
518	1308
519	1967
520	1363
521	2049
521	2305
521	2613
521	1356
521	784
527	1994
527	2551
94	527
527	627
527	710
527	801
529	2016
529	2178
529	2596
530	1374
531	2016
531	2084
532	2349
531	532
536	1401
515	536
536	1516
545	1949
545	2115
546	1949
547	956
548	956
552	2267
552	936
552	2487
552	1056
552	1069
552	1472
552	1769
554	1951
555	2047
555	996
556	1887
21	557
557	2079
557	1062
557	1154
557	1173
557	1175
557	1196
557	572
557	1632
559	2182
559	2207
559	2594
559	1397
560	1240
391	561
562	1285
391	562
561	562
562	662
562	1904
563	1952
564	1952
564	2184
569	2004
569	1213
569	601
572	2374
572	997
572	1246
572	1434
574	2453
398	574
581	1956
581	2299
21	582
23	582
582	2484
582	1062
582	1175
582	1275
582	1500
582	1790
397	586
589	919
589	920
589	1983
589	2218
589	1039
518	589
589	1435
589	593
589	629
590	658
593	919
593	2218
34	593
593	1435
594	2098
594	2643
594	1264
129	594
604	1956
604	2299
606	1956
608	2108
608	1235
608	1680
164	608
253	617
617	1438
617	618
617	1792
253	618
618	1438
618	1446
620	685
627	2026
236	627
620	627
638	1961
658	1821
660	2216
660	662
153	661
662	2152
662	2216
668	2130
668	1286
670	2273
672	899
672	980
672	1232
672	1291
109	672
675	2599
675	2615
675	2700
675	1150
381	675
390	675
453	675
675	874
683	1970
685	859
686	2480
686	1195
686	1293
686	1613
686	1766
687	688
690	2033
554	690
697	1971
701	1069
523	701
155	701
703	2596
529	703
703	760
703	844
703	861
704	934
704	1291
709	1975
709	2685
367	709
710	2217
710	1373
94	710
718	1977
629	718
719	1977
719	2636
725	726
727	1978
728	2074
728	2551
224	728
6	728
527	728
627	728
739	2506
742	1983
742	2008
744	2024
743	744
745	2024
745	2047
745	996
743	745
744	745
748	1985
750	1271
750	872
757	2049
757	952
760	1995
760	2647
760	2659
760	2660
767	2247
767	2435
767	2436
771	2017
771	2349
531	771
532	771
81	771
781	2007
781	2168
784	917
784	2406
784	2613
784	1101
784	1356
784	1596
784	1597
191	785
787	1496
788	1496
254	800
255	800
256	800
801	1994
804	806
807	1995
60	807
808	891
808	1995
60	808
810	1238
359	810
360	810
813	1360
814	1996
816	1997
816	2004
821	1672
826	2003
830	1620
835	892
835	907
839	917
839	2406
260	841
841	1395
330	844
845	2084
845	2178
845	2179
847	2009
849	1285
849	1904
853	1137
861	2084
861	2179
862	2084
560	863
476	872
878	1219
536	878
887	1485
887	1805
888	2017
891	892
891	1644
191	901
905	2147
905	2222
905	2375
399	905
400	905
907	908
907	2023
908	2023
909	2023
909	1773
917	1914
917	2406
918	2235
919	920
919	1435
923	924
923	1914
923	1106
923	1375
924	1914
923	925
924	925
925	2305
925	2527
719	925
923	926
926	1106
926	1375
926	1794
929	930
929	931
930	931
835	932
934	1291
936	2267
936	2487
936	1056
936	1069
936	1769
952	1400
955	2160
529	955
844	955
861	955
963	2044
963	2272
965	2064
965	2170
965	1902
966	1199
966	1902
967	2136
976	2474
976	2701
369	976
563	976
976	1485
976	1760
976	1762
629	979
980	2041
388	980
982	2234
982	2315
982	2316
982	1170
996	2047
997	1434
998	2048
998	2265
998	999
999	2048
999	2265
1000	1882
546	1004
1038	2054
1038	2210
1038	2642
1038	2645
1039	2054
518	1039
1046	2055
1047	2056
1047	2083
546	1055
1056	1472
1059	2114
1062	2477
1066	2117
1066	2370
1066	2559
1066	1641
1000	1067
1067	1698
1068	2115
1068	2502
545	1068
1056	1069
1069	1472
1069	1769
1072	2058
1072	2503
1072	1694
1079	2256
1084	2061
1090	2273
1090	2429
1090	2431
1090	2432
1090	2522
1093	1094
1094	1098
1097	2204
1098	1240
1101	1481
1106	1375
1106	1792
1110	2066
1110	1111
1110	1837
1111	2066
1111	2546
1111	1840
1115	2235
1117	2072
1117	2262
388	1117
1127	1774
952	1130
1132	1367
1132	1695
1132	1133
1133	1695
1134	2524
1134	1790
638	1135
1140	2079
1145	2083
1145	2318
1047	1145
1150	1151
1151	2241
1151	1433
1153	1196
1154	2478
1154	1196
1154	1765
1128	1156
1156	1389
1159	2089
1161	2634
1161	1172
516	1161
839	1161
1166	2406
1166	2527
1167	1792
1170	2393
1172	2393
1172	2406
1172	1792
1172	1794
1173	1174
1174	1199
1062	1175
1154	1175
1176	1177
1177	1818
1189	2319
1189	1440
1195	2369
326	1195
1195	1427
1195	1616
1195	1790
1196	2299
1173	1199
1201	2660
760	1201
1204	1717
1207	2194
1207	2691
1207	2692
547	1207
1207	1782
1208	2181
1210	2118
1210	2414
1210	2415
1210	1672
1210	1673
1210	1674
1210	1865
1210	1896
601	1213
1216	2100
1198	1227
1230	2197
1230	1391
1231	2197
1231	1391
1231	1821
1235	2108
360	1238
231	1240
1242	2179
1245	2116
1245	2274
1246	2367
1246	2374
1246	1617
1247	2168
1270	2301
872	1271
1274	2503
1274	2505
1274	2561
1274	2691
1274	2692
1274	1470
1274	1485
1274	1785
1274	1787
739	1274
1275	2122
1275	1500
1275	1766
1282	2276
1286	2130
1293	1920
1195	1293
367	1296
481	1299
1123	1302
1307	2145
1308	2147
1315	2151
1315	2211
1315	1316
1316	2151
1317	2620
1317	2667
1208	1325
697	1325
1339	1340
1342	2479
1140	1342
1353	1587
1356	2305
1364	2521
450	1364
1364	1446
147	1364
1339	1367
1367	1818
1381	2634
1382	2187
1384	2190
370	1389
1391	2197
929	1394
1396	1886
1396	1891
1401	1515
1415	2218
454	1419
1422	2583
1422	1697
1422	1886
1433	2241
920	1435
1436	2484
1462	2268
1379	1481
1363	1483
1491	1616
719	1493
1498	2370
1498	1641
1510	2309
1513	2313
1513	1515
1515	2313
1516	2313
1519	2514
1519	1793
1520	2319
1566	2370
1566	1641
1587	1617
1587	1623
1587	1624
1596	1597
1607	2367
1613	1617
1615	1616
1617	2569
1616	1617
830	1621
1623	1624
1632	1766
1672	1673
1672	1896
1673	1676
1446	1679
1679	1680
1697	2435
1697	2436
1698	2436
1698	1783
1698	1784
1717	1719
1717	1718
150	1741
1760	2474
1761	2474
976	1761
1762	2474
1764	2477
1764	2480
1765	2478
1769	2487
1770	2489
1770	1771
1771	2489
1773	2494
909	1774
1780	2502
1780	2504
1780	2506
1780	2691
1780	2692
110	1782
1783	2504
1783	2691
1783	2692
110	1783
1783	1784
1784	2504
1784	2506
110	1784
1785	2508
1786	2508
1785	1786
1787	2508
1792	1794
1793	1794
1795	1796
1807	2521
1831	2701
1838	2549
1111	1838
1840	1895
1850	2560
1852	2557
1852	2564
1852	2565
1853	2564
1853	2565
1854	2564
1854	2565
1854	2566
1855	2564
1855	2565
1855	2566
1853	1855
1210	1864
328	1871
1871	1873
1871	1876
328	1872
1871	1872
1872	1873
1872	1876
1873	1876
1874	2586
1874	1876
