506
1972
1232
1033
1888
1658
686
1026
2704
255
2615
1348
2441
2480
2481
467
2648
1385
464
2455
906
2228
2241
2019
1829
958
444
1929
2082
1090
892
2119
1453
6
761
1127
485
2395
2126
1199
2070
1865
2303
1882
647
1455
2257
1764
2169
1760
1236
1773
1444
582
1666
410
1136
1813
534
930
940
830
1494
1016
2625
1276
747
2613
2503
2188
740
53
2321
296
365
2168
1367
472
2653
1188
1338
1203
1300
2210
1023
567
2375
2232
138
1548
129
2576
629
424
1174
1824
2066
1562
2332
1459
641
499
736
1103
550
1075
648
139
2444
1744
831
1349
2568
2212
2204
28
1243
2200
865
2054
862
2238
576
644
2287
1277
1024
240
771
2326
517
2412
2664
2057
962
1135
1356
1324
1674
2606
2017
603
546
1416
1768
2170
2663
1761
1890
71
1398
2095
2679
1140
702
1771
737
340
1497
519
929
268
2633
1149
2282
637
2454
1618
1953
288
5
2033
423
381
4
321
223
452
819
64
954
1370
965
463
175
2515
2179
852
2195
2112
2027
82
2429
2278
968
303
409
2485
1737
1922
58
1476
1089
1559
1538
2048
1308
1515
351
2151
2448
936
208
612
516
1765
490
586
2323
509
2624
1280
1096
1399
185
1446
1889
269
860
245
2517
1530
2028
2593
2525
961
1608
318
436
2089
2129
1391
1098
1201
749
35
2605
532
2023
2229
228
80
685
1876
1390
2649
1388
1884
766
1342
963
2224
2581
1315
1209
1144
1183
1910
2297
2243
1644
2414
291
1220
216
1007
151
1898
952
2274
320
1307
1489
2153
2632
1298
1830
2601
404
1074
858
2363
1753
1165
1854
1934
2138
755
758
2345
1441
1091
95
2700
839
1045
2302
1758
2561
2273
2586
1591
1719
1864
1048
1065
2669
2696
1705
960
1839
49
2093
1011
2643
1205
850
681
85
1040
325
886
163
1989
281
81
2262
2118
502
338
308
2463
1571
1145
1425
2563
756
890
2281
2045
734
562
2384
2209
46
2032
1215
955
928
2157
769
715
2690
2408
1085
2372
1817
1763
2249
2193
1130
1354
1860
1547
1707
2536
1195
1006
2635
1401
33
1655
1638
1284
1226
2330
1484
243
601
730
2090
1921
1377
398
1954
657
284
669
1506
1311
1486
1796
775
1734
454
1541
1802
2368
2114
2340
1042
2084
489
1269
2260
809
205
1474
1166
751
2318
353
122
1900
593
1272
773
1334
525
1677
331
272
1154
1407
493
879
2440
1175
1115
2511
2154
1981
373
505
1039
2622
184
3
1357
1669
995
2008
2565
1650
1967
2334
1498
1545
939
1587
667
348
194
1886
2062
2557
1827
2098
1052
971
108
704
881
2600
1916
2199
783
155
1694
1289
227
1120
1533
1230
1725
901
1732
728
573
1519
183
1974
651
342
241
443
2205
2378
926
2128
1222
1440
63
2688
549
1111
2449
2167
1344
251
1786
599
1959
1982
217
1427
1306
2290
1341
187
1574
1240
1299
810
2109
1500
1597
430
2567
405
2458
2465
1861
661
1255
987
1651
1800
1523
2676
777
2164
2265
1053
367
109
2501
649
11
2296
306
999
2040
552
1915
798
772
1652
1570
1411
2694
2162
78
521
716
21
1118
2377
2626
1797
1991
2436
1844
2208
2304
257
69
2155
1181
1681
1302
453
2478
1927
2433
427
319
439
233
1528
262
1957
1100
2459
310
938
1294
1686
437
1403
1062
738
1731
59
36
1609
1110
193
2086
721
1092
27
1467
1996
12
2134
1624
500
182
2175
1186
1197
2327
2122
1727
2144
1336
1691
159
2068
1055
1819
791
795
2018
1004
199
2103
1795
1034
1549
610
825
1480
492
692
307
2311
2206
15
1672
2494
1792
888
393
1158
1490
1585
1107
2117
2258
2490
359
867
793
2470
2132
418
1323
299
113
1980
1906
207
1745
2211
2130
213
782
2610
2213
1435
1568
1649
2410
2416
2038
816
722
1159
2244
2148
79
1868
1712
557
2453
876
1404
1946
455
526
2616
565
822
765
1949
931
735
2029
864
2556
2516
339
836
2250
2603
2067
1047
1710
973
2640
1740
1770
1466
689
814
654
2189
382
2141
1415
917
1536
1670
2140
386
697
1579
302
678
2662
913
2661
2631
72
1386
687
912
970
844
1728
2191
160
634
360
1984
1750
770
904
640
524
2166
905
982
2522
323
1754
1360
20
1955
2201
1204
620
16
1123
1567
2558
2001
355
2371
1022
1473
893
1064
833
754
2350
294
627
2344
2531
412
2091
2379
802
1713
1312
2693
2075
585
2307
1093
780
2695
1715
126
47
401
1285
2684
197
617
1206
980
419
176
2508
572
2142
2220
1726
1097
1359
1171
1704
2512
1575
708
1614
1462
1251
2124
86
2374
2354
584
555
276
1539
2591
2523
2390
1985
2620
1873
2143
2364
1056
2420
900
431
350
1278
1774
2221
478
1923
1997
1818
919
1630
1373
1791
2702
383
948
1340
1176
671
278
1167
1072
2060
725
1634
1767
902
1021
1409
1633
925
849
93
561
2236
638
1372
1738
1155
466
101
1313
1152
1247
1920
2617
1696
312
1250
222
1601
209
387
142
1392
622
1807
421
1971
198
330
1337
2588
2439
950
1400
1148
983
695
1326
975
2472
1437
195
1179
2656
1402
571
1485
2644
684
2680
476
1600
650
1687
60
2431
717
2678
1685
1810
2187
2299
1143
1805
664
473
1305
147
70
1908
265
1783
2497
2587
2355
118
538
1643
2504
1867
470
19
2423
271
1893
1904
594
2288
13
1552
1852
2403
718
1296
729
1431
613
2425
896
10
639
1879
544
1951
1977
2673
1509
507
1502
2489
488
788
366
969
2021
2055
1335
1756
334
659
2246
1297
927
1858
1776
1948
990
141
774
1433
2638
909
2261
2685
2682
673
2582
679
2088
2276
165
1525
1617
2037
1068
1190
966
2461
1445
2049
2602
448
666
1060
202
703
1282
2402
2530
2024
1219
1412
709
1270
88
2135
2546
1520
1903
843
1504
1378
918
2452
1952
528
1492
1722
1384
1283
1594
2361
201
1343
1138
1616
324
600
2026
2309
1196
1010
137
2320
559
41
369
997
817
96
57
2471
1693
67
1451
1675
2705
2071
1938
1926
1870
1511
394
828
459
73
700
111
1041
210
979
871
915
694
533
477
574
1224
618
259
1126
2194
61
1941
1794
68
246
62
1838
1449
2674
1382
625
1376
672
2506
327
1689
2660
2052
475
1
527
1339
1134
1000
2337
2389
414
1421
1238
1469
1555
1080
2419
105
1950
2190
1366
1646
2386
1580
465
2362
2619
1721
1125
2343
2081
985
1565
2609
569
608
1606
2346
252
1193
2550
2039
1001
2000
416
231
711
1106
441
1553
426
786
579
1878
2396
1811
2404
1413
1279
333
1514
2636
590
1073
2357
1406
1880
853
2534
1958
1439
1362
598
384
1460
2623
1234
1803
575
84
2083
2079
801
947
1129
1350
2594
1273
2479
77
1747
1428
1849
2671
2031
131
880
1394
1265
1814
2176
2646
1456
1968
1784
967
863
2171
2102
1895
1061
149
957
100
2359
408
2462
2094
2105
2434
2202
556
943
1782
588
2519
2699
1554
2230
2177
2181
1801
1676
604
1751
1780
2651
2185
870
1035
1253
2298
1752
2514
378
2003
1622
87
551
878
1742
1271
752
767
1087
2475
158
1596
1493
861
2289
894
800
529
2015
1935
570
315
1320
2521
2365
2474
1856
1556
297
196
1304
1607
1775
2524
583
1577
2466
2477
2192
2106
1420
887
277
2059
2225
1318
1629
2312
668
1030
803
1119
1931
2331
2186
2292
2683
2315
2158
66
1544
2305
206
2172
1261
1029
172
2279
287
1109
214
934
188
2133
688
1787
349
1037
838
1008
266
1746
1050
1891
515
1438
168
1317
1139
597
2222
701
1804
203
128
1295
1471
2173
1654
2006
133
1009
2051
156
2356
2002
1987
1458
1772
1287
1012
820
1131
146
1153
1346
218
114
123
609
732
171
953
690
1914
1518
2358
1479
31
1998
2061
1843
1823
868
1172
949
2348
2401
2405
1235
1245
1907
645
91
560
1822
847
1264
2580
1216
498
1365
1248
1046
2450
1896
309
2214
403
566
2529
2131
2487
1583
1595
1249
1762
889
392
1147
981
2411
1975
630
1667
937
2080
132
2585
124
2392
1942
286
794
1002
1237
2627
606
535
988
317
2014
2263
1928
1521
874
2675
1872
1142
1200
2520
1788
140
144
1798
989
1381
92
364
1820
1937
2065
1660
164
1905
781
1840
167
391
1913
595
2286
691
1353
2125
1013
1104
2247
1593
2336
2245
435
1457
542
832
856
2637
855
396
2598
2467
363
911
1702
1443
2215
1227
1598
483
1374
1164
1546
112
51
22
2655
2597
2295
1978
50
103
1664
2447
2398
854
753
1543
1960
741
1430
1739
714
2698
1082
1656
75
1286
2283
2473
1894
1352
2324
1395
2505
2025
173
56
1717
1990
247
450
462
1260
1051
2527
1940
1180
2621
513
39
1088
872
1156
2549
1419
2306
2110
1192
1025
776
1826
1157
25
1464
1939
1043
1623
1599
1478
719
400
230
341
743
242
898
1912
1584
2349
305
2
1020
663
866
2665
2146
1429
1869
1529
841
763
1263
2376
494
935
623
1877
