428
90
255
811
710
545
336
884
602
76
536
302
835
746
435
250
540
740
73
870
185
633
683
885
556
419
148
553
699
314
780
623
282
760
469
500
824
214
53
644
889
557
646
234
441
337
871
360
330
97
778
693
370
357
110
188
94
604
691
230
526
401
751
732
433
348
132
83
40
221
768
783
213
549
600
814
611
873
19
96
178
672
310
204
599
517
364
145
615
465
507
11
332
866
677
809
308
593
664
436
620
543
335
875
716
189
481
231
420
108
558
72
821
270
475
484
106
655
91
6
32
248
407
338
648
412
29
416
175
656
283
203
601
295
754
748
240
258
505
242
881
284
652
31
413
480
123
217
152
842
722
799
641
88
159
666
755
321
437
279
127
901
325
105
651
257
636
22
100
892
758
261
154
385
857
508
424
803
352
41
244
442
269
222
800
573
249
45
393
9
595
796
362
409
350
266
60
635
389
447
688
822
569
329
458
207
355
346
743
74
554
200
278
241
499
179
280
174
378
798
625
461
369
880
434
177
58
277
328
171
701
85
813
399
438
522
227
807
787
101
450
637
341
443
766
774
57
539
887
144
26
48
647
546
113
12
64
380
225
518
565
468
50
773
531
25
614
849
66
226
739
676
212
607
886
621
387
411
307
806
423
318
725
267
215
134
124
371
473
493
839
653
99
452
95
164
61
689
272
551
268
831
777
98
696
712
375
560
405
131
650
367
578
879
781
103
340
195
138
368
867
805
236
494
430
421
304
379
79
819
680
720
762
674
845
358
211
7
657
315
841
724
259
542
692
256
853
736
114
850
459
392
21
784
363
129
89
24
243
311
383
455
206
729
627
564
414
116
281
634
137
571
196
890
566
153
43
513
658
78
628
297
319
895
840
425
613
523
812
631
104
667
750
109
67
102
38
525
727
190
734
254
218
201
585
537
471
630
417
354
303
17
342
34
402
891
8
742
836
893
527
157
864
13
532
466
470
410
345
516
763
823
496
82
427
187
859
753
426
70
804
626
422
296
445
660
598
541
324
71
52
115
202
344
301
289
444
28
374
589
808
618
262
790
617
663
735
16
575
351
285
166
704
130
815
843
349
288
715
298
741
184
229
520
898
670
80
771
35
497
150
820
745
235
779
119
146
151
147
42
817
838
111
509
323
183
788
900
603
158
176
359
467
616
547
33
721
93
456
562
49
555
832
439
186
797
684
877
372
347
10
707
396
246
669
679
830
897
476
709
